1210 1061907 0
1922 5736 0
2518 2517 0
2622 2625 0
5151 5153 0
5151 5152 0
6621 6622 0
6621 6623 0
7072 504541 0
11130 506929 0
11173 139085 0
11558 200884 0
11558 200886 0
11558 200884 0
11558 200886 0
11558 200891 1
13857 336278 0
20978 1013857 0
21433 1066168 0
21433 1064231 0
21433 216611 0
21433 61624 0
21433 207268 0
23943 420590 0
32890 480927 0
33128 102762 0
34189 104622 0
34189 480309 0
34189 104622 0
34189 480309 0
34189 37254 0
34189 303764 0
34189 105 0
34189 104619 0
34189 104 0
34189 312657 0
34189 37253 0
34189 1177387 0
34189 314519 0
34189 173626 0
34189 115063 0
34189 93691 0
34189 530687 0
34189 32334 0
34189 310606 0
34189 33807 0
34189 35759 0
34189 33808 0
34189 480309 0
34189 12414 0
34189 104622 0
34189 317509 0
34189 329334 0
34189 35758 0
34189 32908 0
34189 104620 0
34669 111397 0
36538 102024 0
36858 36855 0
36858 36862 0
36858 196777 0
36858 36861 0
36858 36852 0
36858 36853 0
36858 36854 0
36858 202823 0
36858 17783 0
41992 308570 0
41992 202562 0
41992 311049 0
41992 39861 0
41992 202440 0
41992 202289 0
41992 306966 0
41992 310410 0
41992 31311 0
41992 21106 0
41992 41129 0
41992 308442 0
41992 321509 0
42075 302489 0
42075 312068 0
42075 43542 0
42075 539088 0
42075 314020 0
42715 474261 0
43041 464698 0
43041 309093 0
43041 43108 0
43353 44271 0
43353 42698 0
43353 195674 0
665 664 0
665 5810 0
665 1609 0
937 939 0
967 5032 0
1494 1178190 0
1494 1495 0
1494 515322 0
1494 513886 0
1494 1139121 0
1210 52965 0
1210 533599 0
1210 292481 0
1210 150287 0
1210 290337 0
1212 182243 0
1212 393070 0
1212 444676 0
1212 7188 0
1212 393071 0
1685 5917 0
2030 5105 0
2030 1863 0
2030 3319 0
2030 3283 0
2030 5868 0
2223 1001858 0
2518 4157 0
2518 5691 0
2604 2541 0
2604 304480 0
2622 146093 0
2622 516205 0
2622 5243 0
2622 514822 0
2652 2653 0
2652 2653 0
2652 2653 0
3283 2030 0
3337 3339 0
3339 3338 0
3339 3337 0
3342 5947 0
4422 5433 0
4638 7010 0
4839 5039 0
4858 7840 0
4861 5593 0
5068 2666 0
5068 2073 0
5077 5078 0
5077 5079 0
5100 5552 0
5151 5162 0
5151 5159 0
5151 5148 0
5151 5150 0
5151 5156 0
5151 8553 0
5151 5158 0
5151 5121 0
5151 5150 0
5151 5150 0
5151 5145 0
5419 5753 0
5524 970548 0
5593 4861 0
5691 2696 0
5691 4157 1
5691 2517 1
5691 2518 0
5729 5095 1
5753 5419 0
5785 8566 0
6100 341902 0
6100 6099 0
6103 5223 0
6274 6204 0
6424 2902 0
6444 3396 0
7072 528517 1
7072 211985 1
7072 974085 0
7072 510847 0
7072 441238 0
7072 441239 0
7513 971187 0
8349 8429 0
8429 8349 0
8447 8401 0
8543 5869 1
8543 4895 0
8543 2548 1
8543 2928 1
8543 2549 1
8543 5870 1
8543 3299 1
8543 2530 1
8543 4806 0
8543 6645 1
8543 5871 1
8543 5360 1
9847 220425 0
9847 476404 0
9847 9846 0
9847 1182609 0
9847 9839 0
9847 9842 0
9847 1004663 0
9847 9843 0
9847 9844 0
9847 141812 0
9847 1060645 0
9847 9845 0
10192 10191 0
10192 1165976 0
10928 1062610 0
10939 472361 0
10939 540528 0
10939 144642 0
11130 88004 0
11130 479737 0
11130 8689 0
11130 498089 0
11130 87035 0
11130 390585 0
11558 200885 0
11558 200903 0
11558 444126 0
11910 379270 0
11910 379271 0
12647 471503 0
13857 1137368 0
20954 33762 0
20954 354990 0
20954 150145 0
20978 73614 0
20978 400044 0
20978 69448 0
20978 1061036 0
20978 255698 0
20978 70637 0
20978 23753 0
20978 22215 0
21030 1026878 0
21269 233578 0
21433 1185806 0
21433 81877 0
21433 169850 0
21433 453886 0
21433 368526 0
21433 397822 0
21433 1064230 0
21433 507264 0
21433 65331 0
21433 509279 0
21433 189702 0
21433 189176 0
21433 524358 0
21433 67783 0
21433 74819 0
21433 73026 0
21433 65333 0
21433 975789 0
21433 452192 0
21433 965081 0
21433 65334 0
21433 155447 0
21433 173411 0
22399 487258 0
22399 1077715 0
22606 997497 0
22606 399988 0
22606 275083 0
22606 275147 0
23260 1060622 0
23260 84000 0
23260 239465 0
23260 254053 0
23260 253388 0
23260 240598 0
23943 220847 0
23943 72270 0
23943 148223 0
23943 170100 0
23943 420588 0
23943 420593 0
32890 246606 0
32890 206780 0
32890 1001218 0
32890 486350 0
32890 208618 0
33128 1053390 0
33128 458542 0
33128 51428 0
33128 248450 0
33913 170907 0
34189 61760 0
34189 69667 0
34189 1173799 0
34189 263871 0
34189 1180536 0
34189 37252 0
34189 245827 0
34189 248239 0
34189 273885 0
34189 265922 0
34189 226860 0
34189 241308 0
34189 203422 0
34189 261871 0
34189 530922 0
34189 262978 0
34189 264550 0
34189 1046194 0
34189 248660 0
34189 248659 0
34189 1180537 0
34189 262466 0
34189 248662 0
34189 242353 0
34189 135537 0
34189 238632 0
34189 248665 0
34189 38197 0
34189 439230 0
34189 1064046 0
36538 973780 0
36538 46972 0
36538 468774 0
36538 232489 0
36538 1178948 0
36538 539690 0
36538 153004 0
36538 543323 0
36538 230500 0
36858 371391 0
36858 256981 0
36858 270739 0
36858 254878 0
36858 256982 0
36858 246857 0
36858 234480 0
36858 255232 0
38216 504296 0
38216 493741 0
38216 51401 0
38216 1076348 0
38216 148848 0
41992 1055827 0
41992 1039441 0
41992 1081643 0
41992 1041874 0
41992 1012235 0
41992 1040571 0
41992 535131 0
41992 1055680 0
41992 1053423 0
41992 145847 0
41992 1137337 0
41992 1041178 0
41992 1055886 0
41992 1081638 0
41992 454865 0
41992 1081640 0
41992 341527 0
41992 1041875 0
41992 1055963 0
42075 539020 0
43041 458430 0
43041 333362 0
43041 1037294 0
43353 491709 0
43353 195672 0
43353 166807 0
43353 195671 0
43353 195673 0
43353 166808 0
43353 1066997 0
43353 304267 0
43353 195675 0
43353 445291 0
