1210 0 1061907 0
1922 0 5736 0
2518 0 2517 0
2622 0 2625 0
5151 0 5153 0
5151 0 5152 0
6621 0 6622 0
6621 0 6623 0
7072 0 504541 0
11130 0 506929 0
11173 0 139085 0
11558 0 200884 0
11558 0 200886 0
11558 0 200884 0
11558 0 200886 0
11558 0 200891 0
13857 0 336278 0
20978 0 1013857 0
21433 0 1066168 0
21433 0 1064231 0
21433 0 216611 0
21433 0 61624 0
21433 0 207268 0
23943 0 420590 0
32890 0 480927 0
33128 0 102762 0
34189 0 104622 0
34189 0 480309 0
34189 0 104622 0
34189 0 480309 0
34189 0 37254 0
34189 0 303764 0
34189 0 105 0
34189 0 104619 0
34189 0 104 0
34189 0 312657 0
34189 0 37253 0
34189 0 1177387 0
34189 0 314519 0
34189 0 173626 0
34189 0 115063 0
34189 0 93691 0
34189 0 530687 0
34189 0 32334 0
34189 0 310606 0
34189 0 33807 0
34189 0 35759 0
34189 0 33808 0
34189 0 480309 0
34189 0 12414 0
34189 0 104622 0
34189 0 317509 0
34189 0 329334 0
34189 0 35758 0
34189 0 32908 0
34189 0 104620 0
34669 0 111397 0
36538 0 102024 0
36858 0 36855 0
36858 0 36862 0
36858 0 196777 0
36858 0 36861 0
36858 0 36852 0
36858 0 36853 0
36858 0 36854 0
36858 0 202823 0
36858 0 17783 0
41992 0 308570 0
41992 0 202562 0
41992 0 311049 0
41992 0 39861 0
41992 0 202440 0
41992 0 202289 0
41992 0 306966 0
41992 0 310410 0
41992 0 31311 0
41992 0 21106 0
41992 0 41129 0
41992 0 308442 0
41992 0 321509 0
42075 0 302489 0
42075 0 312068 0
42075 0 43542 0
42075 0 539088 0
42075 0 314020 0
42715 0 474261 0
43041 0 464698 0
43041 0 309093 0
43041 0 43108 0
43353 0 44271 0
43353 0 42698 0
43353 0 195674 0
665 0 664 1
665 0 5810 1
665 0 1609 1
937 0 939 1
967 0 5032 1
1494 0 1178190 1
1494 0 1495 4
1494 0 515322 1
1494 0 513886 1
1494 0 1139121 1
1210 0 52965 1
1210 0 533599 1
1210 0 292481 1
1210 0 150287 1
1210 0 290337 1
1212 0 182243 1
1212 0 393070 1
1212 0 444676 1
1212 0 7188 1
1212 0 393071 1
1685 0 5917 1
2030 0 5105 1
2030 0 1863 1
2030 0 3319 1
2030 0 3283 1
2030 0 5868 1
2223 0 1001858 1
2518 0 4157 1
2518 0 5691 1
2604 0 2541 1
2604 0 304480 1
2622 0 146093 1
2622 0 516205 1
2622 0 5243 1
2622 0 514822 1
2652 0 2653 1
2652 0 2653 1
2652 0 2653 1
3283 0 2030 1
3337 0 3339 1
3339 0 3338 1
3339 0 3337 1
3342 0 5947 1
4422 0 5433 1
4638 0 7010 1
4839 0 5039 1
4858 0 7840 1
4861 0 5593 1
5068 0 2666 1
5068 0 2073 1
5077 0 5078 1
5077 0 5079 1
5100 0 5552 1
5151 0 5162 1
5151 0 5159 1
5151 0 5148 1
5151 0 5150 1
5151 0 5156 1
5151 0 8553 1
5151 0 5158 1
5151 0 5121 1
5151 0 5150 1
5151 0 5150 1
5151 0 5145 1
5419 0 5753 1
5524 0 970548 1
5593 0 4861 1
5691 0 2696 1
5691 0 4157 1
5691 0 2517 1
5691 0 2518 1
5729 0 5095 1
5753 0 5419 1
5785 0 8566 1
6100 0 341902 1
6100 0 6099 1
6103 0 5223 1
6274 0 6204 1
6424 0 2902 1
6444 0 3396 1
7072 0 528517 1
7072 0 211985 1
7072 0 974085 1
7072 0 510847 1
7072 0 441238 1
7072 0 441239 1
7513 0 971187 1
8349 0 8429 1
8429 0 8349 1
8447 0 8401 1
8543 0 5869 1
8543 0 4895 1
8543 0 2548 1
8543 0 2928 1
8543 0 2549 1
8543 0 5870 1
8543 0 3299 1
8543 0 2530 1
8543 0 4806 1
8543 0 6645 1
8543 0 5871 1
8543 0 5360 1
9847 0 220425 1
9847 0 476404 1
9847 0 9846 1
9847 0 1182609 1
9847 0 9839 1
9847 0 9842 1
9847 0 1004663 1
9847 0 9843 1
9847 0 9844 1
9847 0 141812 1
9847 0 1060645 1
9847 0 9845 1
10192 0 10191 1
10192 0 1165976 1
10928 0 1062610 1
10939 0 472361 1
10939 0 540528 1
10939 0 144642 1
11130 0 88004 1
11130 0 479737 1
11130 0 8689 1
11130 0 498089 1
11130 0 87035 1
11130 0 390585 1
11558 0 200885 1
11558 0 200903 1
11558 0 444126 1
11910 0 379270 1
11910 0 379271 1
12647 0 471503 1
13857 0 1137368 1
20954 0 33762 1
20954 0 354990 1
20954 0 150145 1
20978 0 73614 1
20978 0 400044 1
20978 0 69448 1
20978 0 1061036 1
20978 0 255698 1
20978 0 70637 1
20978 0 23753 1
20978 0 22215 1
21030 0 1026878 1
21269 0 233578 1
21433 0 1185806 1
21433 0 81877 1
21433 0 169850 1
21433 0 453886 1
21433 0 368526 1
21433 0 397822 1
21433 0 1064230 1
21433 0 507264 1
21433 0 65331 1
21433 0 509279 1
21433 0 189702 1
21433 0 189176 1
21433 0 524358 1
21433 0 67783 1
21433 0 74819 1
21433 0 73026 1
21433 0 65333 1
21433 0 975789 1
21433 0 452192 1
21433 0 965081 1
21433 0 65334 1
21433 0 155447 1
21433 0 173411 1
22399 0 487258 1
22399 0 1077715 1
22606 0 997497 1
22606 0 399988 1
22606 0 275083 1
22606 0 275147 1
23260 0 1060622 1
23260 0 84000 1
23260 0 239465 1
23260 0 254053 1
23260 0 253388 1
23260 0 240598 1
23943 0 220847 1
23943 0 72270 1
23943 0 148223 1
23943 0 170100 1
23943 0 420588 1
23943 0 420593 1
32890 0 246606 1
32890 0 206780 1
32890 0 1001218 1
32890 0 486350 1
32890 0 208618 1
33128 0 1053390 1
33128 0 458542 1
33128 0 51428 1
33128 0 248450 1
33913 0 170907 1
34189 0 61760 1
34189 0 69667 1
34189 0 1173799 1
34189 0 263871 1
34189 0 1180536 1
34189 0 37252 1
34189 0 245827 1
34189 0 248239 1
34189 0 273885 1
34189 0 265922 1
34189 0 226860 1
34189 0 241308 1
34189 0 203422 1
34189 0 261871 1
34189 0 530922 1
34189 0 262978 1
34189 0 264550 1
34189 0 1046194 1
34189 0 248660 1
34189 0 248659 1
34189 0 1180537 1
34189 0 262466 1
34189 0 248662 1
34189 0 242353 1
34189 0 135537 1
34189 0 238632 1
34189 0 248665 1
34189 0 38197 1
34189 0 439230 1
34189 0 1064046 1
36538 0 973780 1
36538 0 46972 1
36538 0 468774 1
36538 0 232489 1
36538 0 1178948 1
36538 0 539690 1
36538 0 153004 1
36538 0 543323 1
36538 0 230500 1
36858 0 371391 1
36858 0 256981 1
36858 0 270739 1
36858 0 254878 1
36858 0 256982 1
36858 0 246857 1
36858 0 234480 1
36858 0 255232 1
38216 0 504296 1
38216 0 493741 1
38216 0 51401 1
38216 0 1076348 1
38216 0 148848 1
41992 0 1055827 1
41992 0 1039441 1
41992 0 1081643 1
41992 0 1041874 1
41992 0 1012235 1
41992 0 1040571 1
41992 0 535131 1
41992 0 1055680 1
41992 0 1053423 1
41992 0 145847 1
41992 0 1137337 1
41992 0 1041178 1
41992 0 1055886 1
41992 0 1081638 1
41992 0 454865 1
41992 0 1081640 1
41992 0 341527 1
41992 0 1041875 1
41992 0 1055963 1
42075 0 539020 1
43041 0 458430 1
43041 0 333362 1
43041 0 1037294 1
43353 0 491709 1
43353 0 195672 1
43353 0 166807 1
43353 0 195671 1
43353 0 195673 1
43353 0 166808 1
43353 0 1066997 1
43353 0 304267 1
43353 0 195675 1
43353 0 445291 1
